[SELF-TEST] engine vs brute, n=8 k=2 q=4129: 20 random + 4 chains
[SELF-TEST] PASS (counts and bad-lists)
==============================================================================
[STAGE 1] certified pencil floors: worst_mono >= (n-z)//(a-z), z = gcd(j-d,n)
   n  k         q   a   j  d   z B=cert  floor  floor/B  note
  16  2     65537   4   2  0   2      7     13     1.86  
  16  2     65537   5   4  0   4     12     12     1.00  BOUNDARY
  16  4     65537   6   4  0   4      6     11     1.83  
  16  4     65537   7   4  0   4      4     10     2.50  
  16  4     65537   8   4  0   4      3      9     3.00  BOUNDARY
  32  2     65537   4   2  0   2     15     29     1.93  
  32  2     65537   5   4  0   4     28     28     1.00  
  32  2     65537   6   4  0   4     14     27     1.93  
  32  2     65537   7   4  0   4      9     26     2.89  
  32  2     65537   8   4  0   4      7     25     3.57  BOUNDARY
  32  4     65537   6   4  0   4     14     27     1.93  
  32  4     65537   7   4  0   4      9     26     2.89  
  32  4     65537   8   4  0   4      7     25     3.57  
  32  4     65537   9   8  0   8     24     24     1.00  
  32  4     65537  10   8  0   8     12     23     1.92  
  32  4     65537  11   8  0   8      8     22     2.75  BOUNDARY
  64  2     65537   4   2  0   2     31     61     1.97  
  64  2     65537   5   4  0   4     60     60     1.00  
  64  2     65537   6   4  0   4     30     59     1.97  
  64  2     65537   7   4  0   4     20     58     2.90  
  64  2     65537   8   4  0   4     15     57     3.80  
  64  2     65537   9   8  0   8     56     56     1.00  
  64  2     65537  10   8  0   8     28     55     1.96  
  64  2     65537  11   8  0   8     18     54     3.00  BOUNDARY
  64  4     65537   6   4  0   4     30     59     1.97  
  64  4     65537   7   4  0   4     20     58     2.90  
  64  4     65537   8   4  0   4     15     57     3.80  
  64  4     65537   9   8  0   8     56     56     1.00  
  64  4     65537  10   8  0   8     28     55     1.96  
  64  4     65537  11   8  0   8     18     54     3.00  
  64  4     65537  12   8  0   8     14     53     3.79  
  64  4     65537  13   8  0   8     11     52     4.73  
  64  4     65537  14   8  0   8      9     51     5.67  
  64  4     65537  15   8  0   8      8     50     6.25  
  64  4     65537  16   8  0   8      7     49     7.00  BOUNDARY
 128  2     65537   4   2  0   2     63    125     1.98  
 128  2     65537   5   4  0   4    124    124     1.00  
 128  2     65537   6   4  0   4     62    123     1.98  
 128  2     65537   7   4  0   4     41    122     2.98  
 128  2     65537   8   4  0   4     31    121     3.90  
 128  2     65537   9   8  0   8    120    120     1.00  
 128  2     65537  10   8  0   8     60    119     1.98  
 128  2     65537  11   8  0   8     40    118     2.95  
 128  2     65537  12   8  0   8     30    117     3.90  
 128  2     65537  13   8  0   8     24    116     4.83  
 128  2     65537  14   8  0   8     20    115     5.75  
 128  2     65537  15   8  0   8     17    114     6.71  
 128  2     65537  16   8  0   8     15    113     7.53  BOUNDARY
 128  4     65537   6   4  0   4     62    123     1.98  
 128  4     65537   7   4  0   4     41    122     2.98  
 128  4     65537   8   4  0   4     31    121     3.90  
 128  4     65537   9   8  0   8    120    120     1.00  
 128  4     65537  10   8  0   8     60    119     1.98  
 128  4     65537  11   8  0   8     40    118     2.95  
 128  4     65537  12   8  0   8     30    117     3.90  
 128  4     65537  13   8  0   8     24    116     4.83  
 128  4     65537  14   8  0   8     20    115     5.75  
 128  4     65537  15   8  0   8     17    114     6.71  
 128  4     65537  16   8  0   8     15    113     7.53  
 128  4     65537  17  16  0  16    112    112     1.00  
 128  4     65537  18  16  0  16     56    111     1.98  
 128  4     65537  19  16  0  16     37    110     2.97  
 128  4     65537  20  16  0  16     28    109     3.89  
 128  4     65537  21  16  0  16     22    108     4.91  
 128  4     65537  22  16  0  16     18    107     5.94  BOUNDARY
 256  2     65537   4   2  0   2    127    253     1.99  
 256  2     65537   5   4  0   4    252    252     1.00  
 256  2     65537   6   4  0   4    126    251     1.99  
 256  2     65537   7   4  0   4     84    250     2.98  
 256  2     65537   8   4  0   4     63    249     3.95  
 256  2     65537   9   8  0   8    248    248     1.00  
 256  2     65537  10   8  0   8    124    247     1.99  
 256  2     65537  11   8  0   8     82    246     3.00  
 256  2     65537  12   8  0   8     62    245     3.95  
 256  2     65537  13   8  0   8     49    244     4.98  
 256  2     65537  14   8  0   8     41    243     5.93  
 256  2     65537  15   8  0   8     35    242     6.91  
 256  2     65537  16   8  0   8     31    241     7.77  
 256  2     65537  17  16  0  16    240    240     1.00  
 256  2     65537  18  16  0  16    120    239     1.99  
 256  2     65537  19  16  0  16     80    238     2.98  
 256  2     65537  20  16  0  16     60    237     3.95  
 256  2     65537  21  16  0  16     48    236     4.92  
 256  2     65537  22  16  0  16     40    235     5.88  BOUNDARY
 256  4     65537   6   4  0   4    126    251     1.99  
 256  4     65537   7   4  0   4     84    250     2.98  
 256  4     65537   8   4  0   4     63    249     3.95  
 256  4     65537   9   8  0   8    248    248     1.00  
 256  4     65537  10   8  0   8    124    247     1.99  
 256  4     65537  11   8  0   8     82    246     3.00  
 256  4     65537  12   8  0   8     62    245     3.95  
 256  4     65537  13   8  0   8     49    244     4.98  
 256  4     65537  14   8  0   8     41    243     5.93  
 256  4     65537  15   8  0   8     35    242     6.91  
 256  4     65537  16   8  0   8     31    241     7.77  
 256  4     65537  17  16  0  16    240    240     1.00  
 256  4     65537  18  16  0  16    120    239     1.99  
 256  4     65537  19  16  0  16     80    238     2.98  
 256  4     65537  20  16  0  16     60    237     3.95  
 256  4     65537  21  16  0  16     48    236     4.92  
 256  4     65537  22  16  0  16     40    235     5.88  
 256  4     65537  23  16  0  16     34    234     6.88  
 256  4     65537  24  16  0  16     30    233     7.77  
 256  4     65537  25  16  0  16     26    232     8.92  
 256  4     65537  26  16  0  16     24    231     9.62  
 256  4     65537  27  16  0  16     21    230    10.95  
 256  4     65537  28  16  0  16     20    229    11.45  
 256  4     65537  29  16  0  16     18    228    12.67  
 256  4     65537  30  16  0  16     17    227    13.35  
 256  4     65537  31  16  0  16     16    226    14.12  
 256  4     65537  32  16  0  16     15    225    15.00  BOUNDARY

[STAGE 1 growth at a* = floor(sqrt(nk))] certified B vs n:
  k=2: n=16: B=12 (floor 12, f/B=1.00), n=32: B=7 (floor 25, f/B=3.57), n=64: B=18 (floor 54, f/B=3.00), n=128: B=15 (floor 113, f/B=7.53), n=256: B=40 (floor 235, f/B=5.88)
  k=2: fitted theta (B ~ n^theta, endpoints) = 0.434
  k=4: n=16: B=3 (floor 9, f/B=3.00), n=32: B=8 (floor 22, f/B=2.75), n=64: B=7 (floor 49, f/B=7.00), n=128: B=18 (floor 107, f/B=5.94), n=256: B=15 (floor 225, f/B=15.00)
  k=4: fitted theta (B ~ n^theta, endpoints) = 0.580

[G101F total 1s]
