#466 r=3 R307: the moment sandwich — Σ‖Ŝ‖⁶ ≤ √(Σ‖Ŝ‖⁴)·√(Σ‖Ŝ‖⁸), all

    m  K4_med  K6_med  K8_med   K8_max  pred24 sw=√(K4K8)  sw/K6   C_abs
    9   0.921   1.243    1.74     4.79    8.78      1.266  1.033  1218.8
   12   0.970   1.307    1.91     6.04   11.57      1.360  1.034  1219.1
   18   1.295   2.195    3.97    19.34   14.98      2.268  1.032  1221.8
   24   1.521   3.068    7.02    12.52   16.95      3.268  1.053  1224.8
   36   1.415   2.583    5.16    39.92   19.09      2.701  1.043  1223.1
   48   1.590   3.527    8.40    31.85   20.24      3.655  1.048  1226.0
   72   1.650   3.536    8.58    27.50   21.44      3.763  1.064  1226.3
   96   1.591   3.256    7.70    25.78   22.06      3.500  1.060  1225.5
  144   1.716   4.094   11.65    16.67   22.69      4.470  1.079  1228.4
  192   1.706   3.917   10.83    20.08   23.02      4.300  1.075  1227.9
  288   1.765   4.103   11.57    31.08   23.34      4.518  1.083  1228.6
  384   1.807   4.411   13.06    36.80   23.50      4.858  1.094  1229.6
  480   1.938   5.384   18.98    58.41   23.60      6.065  1.115  1233.2
  720   1.881   4.887   15.90    56.43   23.73      5.470  1.120  1231.4
  960   1.839   4.721   14.77    20.19   23.80      5.212  1.106  1230.6
 1200   1.847   4.750   14.88    25.45   23.84      5.242  1.104  1230.7

  verdict: K8 flat near 24·((m−2)/m)⁴ ⇒ EighthMomentBound K₈ = O(1)
  is Gaussian-consistent; the sandwich constant √(K₄K₈) tracks K₆
  within ~15% — the absolute-C rung stands on two average inputs.
