#466 r=3 R303: fourth moment of the full Jacobi DFT — identity, main-term

===== m = 9:  (F3) sum_(d|m) d*mu(m/d) = 6 (= phi(m) = 6; nonzero => diagonal main term SURVIVES) =====
    p  F1 id K4(chi=lam)  K4 max/k m*D/(m^3q^2) offdiag/diag  pm-floor  C_interp  C_D meas
   19      T       0.973     0.986        1.142       -0.148     0.614    3653.6    0.1722
   37      T       0.819     0.921        1.133       -0.277     0.610    3651.7    0.4248
   73      T       0.778     1.168        1.128       -0.310     0.607    3651.2    0.1679
  109      T       0.688     0.798        1.127       -0.389     0.607    3650.1    0.3199
  127      T       1.164     1.164        1.126        0.034     0.606    3656.3    1.3656
  163      T       0.906     0.906        1.126       -0.195     0.606    3652.8    0.4290
  181      T       1.349     1.349        1.125        0.199     0.606    3659.1    1.8727
  199      T       1.178     1.178        1.125        0.047     0.606    3656.5    0.9321
  271      T       1.830     1.830        1.125        0.627     0.606    3667.3    1.0870
  307      T       1.540     1.540        1.125        0.370     0.606    3662.2    0.6665
  379      T       0.718     0.987        1.124       -0.361     0.605    3650.5    0.3266
  397      T       1.175     1.175        1.124        0.045     0.605    3656.5    1.0525
  433      T       0.931     0.991        1.124       -0.172     0.605    3653.1    0.3532
  487      T       0.891     0.931        1.124       -0.208     0.605    3652.6    1.1403
  523      T       1.461     1.580        1.124        0.300     0.605    3660.9    0.8305
  541      T       0.954     0.954        1.124       -0.151     0.605    3653.4    1.4137
  577      T       1.444     1.444        1.124        0.284     0.605    3660.6    0.3212
  613      T       1.072     1.783        1.124       -0.046     0.605    3655.0    0.4202
  631      T       0.797     0.991        1.124       -0.291     0.605    3651.4    0.9674
  739      T       0.832     0.832        1.124       -0.260     0.605    3651.8    0.7644
  757      T       2.198     2.198        1.124        0.955     0.605    3674.3    1.0935
  811      T       1.037     1.037        1.124       -0.077     0.605    3654.5    0.3533
  829      T       1.047     1.047        1.124       -0.069     0.605    3654.6    1.1162
  883      T       0.670     0.815        1.124       -0.404     0.605    3649.9    0.4046
  919      T       1.031     2.510        1.124       -0.082     0.605    3654.4    0.3558
  937      T       0.781     1.312        1.124       -0.305     0.605    3651.2    0.2906
  991      T       1.059     1.059        1.124       -0.058     0.605    3654.8    0.2195
 1009      T       1.303     1.784        1.124        0.160     0.605    3658.4    0.3382
 1063      T       0.866     0.972        1.124       -0.230     0.605    3652.3    1.1574
 1117      T       1.376     1.523        1.124        0.224     0.605    3659.5    0.7297
 1153      T       0.907     1.010        1.124       -0.193     0.605    3652.8    0.2737
 1171      T       0.927     1.051        1.124       -0.175     0.605    3653.0    1.1134
  m=9: (F1) identity VERIFIED; sup K4 over primes/characters = 2.510 (diagonal forces K4 >~ 2; m^2 q^2 target IMPOSSIBLE, m^3 q^2 is the flat scale)

===== m = 12:  (F3) sum_(d|m) d*mu(m/d) = 4 (= phi(m) = 4; nonzero => diagonal main term SURVIVES) =====
    p  F1 id K4(chi=lam)  K4 max/k m*D/(m^3q^2) offdiag/diag  pm-floor  C_interp  C_D meas
   13      T       0.778     0.778        1.341       -0.420     0.705    4216.0    1.0159
   37      T       1.001     1.345        1.327       -0.246     0.698    4219.3    0.4058
   61      T       1.252     1.252        1.324       -0.054     0.697    4223.4    0.2378
   73      T       0.970     1.310        1.323       -0.267     0.696    4218.8    0.3096
   97      T       1.141     1.141        1.322       -0.137     0.696    4221.6    1.1200
  109      T       1.603     1.603        1.322        0.212     0.696    4230.0    2.4951
  157      T       1.477     1.477        1.321        0.118     0.695    4227.5    1.9584
  181      T       1.060     1.261        1.321       -0.198     0.695    4220.2    1.0868
  193      T       1.263     1.286        1.321       -0.044     0.695    4223.6    0.1633
  229      T       1.089     2.071        1.321       -0.176     0.695    4220.7    1.2326
  241      T       1.030     1.030        1.321       -0.220     0.695    4219.8    1.1449
  277      T       1.268     1.268        1.320       -0.040     0.695    4223.7    2.3160
  313      T       1.229     1.229        1.320       -0.069     0.695    4223.0    0.3535
  337      T       0.869     1.028        1.320       -0.342     0.695    4217.3    1.1021
  349      T       1.227     1.741        1.320       -0.071     0.695    4223.0    0.5431
  373      T       1.439     1.439        1.320        0.090     0.695    4226.8    0.9602
  397      T       2.399     3.052        1.320        0.817     0.695    4247.5    1.3738
  409      T       0.866     0.866        1.320       -0.344     0.695    4217.3    0.2076
  421      T       0.970     0.970        1.320       -0.265     0.695    4218.8    1.0645
  433      T       1.894     1.894        1.320        0.435     0.695    4236.0    3.1066
  457      T       1.262     2.281        1.320       -0.044     0.695    4223.6    2.3302
  541      T       0.942     1.207        1.320       -0.287     0.695    4218.4    0.1312
  577      T       1.045     1.159        1.320       -0.208     0.695    4220.0    0.1315
  601      T       1.521     2.271        1.320        0.152     0.695    4228.4    2.1227
  613      T       1.841     1.841        1.320        0.395     0.695    4234.8    1.0537
  661      T       1.035     1.224        1.320       -0.216     0.695    4219.8    0.9616
  673      T       1.203     1.203        1.320       -0.089     0.695    4222.6    0.6197
  709      T       1.093     1.093        1.320       -0.172     0.695    4220.8    0.2496
  733      T       0.985     1.258        1.320       -0.254     0.695    4219.0    1.0835
  757      T       1.242     1.242        1.320       -0.059     0.695    4223.3    1.0182
  769      T       0.893     1.376        1.320       -0.323     0.695    4217.7    1.1338
  829      T       1.056     1.056        1.320       -0.200     0.695    4220.2    0.9855
  853      T       1.111     1.244        1.320       -0.158     0.695    4221.1    0.9866
  877      T       1.283     1.668        1.320       -0.028     0.695    4224.0    0.9651
  937      T       1.313     1.313        1.320       -0.005     0.695    4224.5    1.1220
  997      T       2.174     2.436        1.320        0.647     0.695    4242.2    1.0182
 1009      T       1.213     1.213        1.320       -0.081     0.695    4222.8    1.0376
 1021      T       2.528     2.528        1.320        0.916     0.695    4250.7    5.1508
 1033      T       1.036     1.036        1.320       -0.215     0.695    4219.8    1.1021
 1069      T       2.174     2.174        1.320        0.647     0.695    4242.2    3.9987
 1093      T       2.249     2.249        1.320        0.704     0.695    4243.9    6.1324
 1117      T       0.919     1.012        1.320       -0.303     0.695    4218.0    1.0374
 1129      T       1.175     1.175        1.320       -0.110     0.695    4222.1    0.3361
 1153      T       0.907     0.907        1.320       -0.312     0.695    4217.9    0.1302
  m=12: (F1) identity VERIFIED; sup K4 over primes/characters = 3.052 (diagonal forces K4 >~ 2; m^2 q^2 target IMPOSSIBLE, m^3 q^2 is the flat scale)

===== m = 15:  (F3) sum_(d|m) d*mu(m/d) = 8 (= phi(m) = 8; nonzero => diagonal main term SURVIVES) =====
    p  F1 id K4(chi=lam)  K4 max/k m*D/(m^3q^2) offdiag/diag  pm-floor  C_interp  C_D meas
   31      T       1.179     1.179        1.452       -0.188     0.755    4720.6    1.7791
   61      T       1.444     1.444        1.448       -0.003     0.753    4725.8    0.9948
  151      T       1.148     1.191        1.446       -0.206     0.752    4720.0    1.3169
  181      T       1.021     1.604        1.446       -0.294     0.752    4717.7    1.1261
  211      T       0.955     1.890        1.446       -0.340     0.752    4716.5    0.6924
  241      T       1.131     1.198        1.445       -0.218     0.752    4719.6    1.2728
  271      T       0.932     1.599        1.445       -0.355     0.752    4716.1    0.8167
  331      T       1.252     1.336        1.445       -0.134     0.751    4721.9    1.2002
  421      T       1.179     1.512        1.445       -0.184     0.751    4720.6    1.0751
  541      T       1.079     1.440        1.445       -0.253     0.751    4718.7    0.7324
  571      T       1.417     1.870        1.445       -0.019     0.751    4725.3    1.4279
  601      T       1.344     1.820        1.445       -0.070     0.751    4723.8    0.7996
  631      T       1.605     1.605        1.445        0.111     0.751    4729.3    1.7440
  661      T       1.476     1.947        1.445        0.021     0.751    4726.5    1.0263
  691      T       1.282     2.597        1.445       -0.112     0.751    4722.5    1.4836
  751      T       1.324     1.785        1.445       -0.084     0.751    4723.4    1.9456
  811      T       1.036     1.359        1.445       -0.283     0.751    4717.9    1.2462
  991      T       1.493     1.493        1.445        0.033     0.751    4726.9    0.9151
 1021      T       1.351     1.351        1.445       -0.065     0.751    4723.9    4.9553
 1051      T       1.273     1.697        1.445       -0.119     0.751    4722.4    0.9154
 1171      T       1.766     3.190        1.445        0.222     0.751    4732.9    1.3906
  m=15: (F1) identity VERIFIED; sup K4 over primes/characters = 3.190 (diagonal forces K4 >~ 2; m^2 q^2 target IMPOSSIBLE, m^3 q^2 is the flat scale)

===== m = 18:  (F3) sum_(d|m) d*mu(m/d) = 6 (= phi(m) = 6; nonzero => diagonal main term SURVIVES) =====
    p  F1 id K4(chi=lam)  K4 max/k m*D/(m^3q^2) offdiag/diag  pm-floor  C_interp  C_D meas
   19      T       0.847     0.847        1.541       -0.451     0.795    5164.7    1.1378
   37      T       1.217     1.237        1.536       -0.208     0.793    5171.9    1.5695
   73      T       1.824     1.824        1.534        0.189     0.791    5186.2    1.6154
  109      T       1.496     1.519        1.533       -0.024     0.791    5178.1    3.9919
  127      T       1.689     1.689        1.532        0.102     0.791    5182.7    2.8102
  163      T       1.991     1.991        1.532        0.299     0.791    5190.6    3.4593
  181      T       1.242     1.384        1.532       -0.189     0.791    5172.4    2.1329
  199      T       1.450     1.450        1.532       -0.053     0.791    5177.0    2.2519
  271      T       1.885     1.885        1.532        0.231     0.790    5187.7    1.5641
  307      T       1.054     1.657        1.532       -0.311     0.790    5168.6    1.9240
  379      T       1.529     1.623        1.531       -0.002     0.790    5178.9    1.9863
  397      T       1.581     1.953        1.531        0.033     0.790    5180.1    5.6903
  433      T       1.865     1.865        1.531        0.218     0.790    5187.2    2.7416
  487      T       1.169     1.541        1.531       -0.236     0.790    5170.9    1.7217
  523      T       2.285     2.285        1.531        0.493     0.790    5198.8    3.2183
  541      T       1.277     1.648        1.531       -0.166     0.790    5173.2    2.4973
  577      T       2.009     2.763        1.531        0.312     0.790    5191.1    2.1924
  613      T       2.482     2.482        1.531        0.621     0.790    5204.6    4.7904
  631      T       1.567     1.623        1.531        0.023     0.790    5179.8    2.4364
  739      T       1.438     1.812        1.531       -0.061     0.790    5176.8    1.8744
  757      T       1.317     1.528        1.531       -0.140     0.790    5174.1    1.8181
  811      T       1.498     2.008        1.531       -0.021     0.790    5178.2    1.5111
  829      T       1.234     1.860        1.531       -0.194     0.790    5172.3    1.2828
  883      T       1.036     2.006        1.531       -0.323     0.790    5168.2    1.2409
  919      T       1.426     1.702        1.531       -0.068     0.790    5176.5    1.1580
  937      T       1.290     1.521        1.531       -0.157     0.790    5173.5    2.2039
  991      T       1.960     1.960        1.531        0.280     0.790    5189.7    1.7060
 1009      T       1.562     1.562        1.531        0.020     0.790    5179.7    1.8538
 1063      T       1.225     1.621        1.531       -0.200     0.790    5172.1    1.4887
 1117      T       1.568     1.748        1.531        0.024     0.790    5179.8    0.9288
 1153      T       1.356     1.594        1.531       -0.115     0.790    5174.9    0.7257
 1171      T       1.506     1.522        1.531       -0.016     0.790    5178.3    2.1509
  m=18: (F1) identity VERIFIED; sup K4 over primes/characters = 2.763 (diagonal forces K4 >~ 2; m^2 q^2 target IMPOSSIBLE, m^3 q^2 is the flat scale)
